e 358 324 428 343
e 358 324 381 392
e 358 324 286 256
e 428 343 467 371
e 428 343 475 339
e 381 392 411 429
e 381 392 379 438
e 286 256 252 269
e 286 256 220 181
e 252 269 219 253
e 219 253 142 315
e 219 253 292 184
e 142 315 113 380
e 142 315 71 327
e 113 380 111 426
e 113 380 80 414
e 71 327 29 351
e 71 327 25 319
e 220 181 153 153
e 220 181 199 109
e 199 109 171 69
e 199 109 201 61
e 153 153 107 150
e 153 153 118 120
e 292 184 319 114
e 292 184 361 162
e 319 114 321 66
e 319 114 350 77
e 361 162 399 132
e 361 162 407 163
v 1 358 324
v 2 428 343
v 5 381 392
v 8 286 256
v 3 467 371
v 4 475 339
v 6 411 429
v 7 379 438
v 9 252 269
v 18 220 181
v 10 219 253
v 11 142 315
v 25 292 184
v 12 113 380
v 15 71 327
v 14 111 426
v 13 80 414
v 16 29 351
v 17 25 319
v 20 153 153
v 19 199 109
v 23 171 69
v 24 201 61
v 21 107 150
v 22 118 120
v 26 319 114
v 29 361 162
v 27 321 66
v 28 350 77
v 30 399 132
v 31 407 163
